0
159
396
507
519
503
495
495
500
506
509
509
510
509
510
511
511
511
512
511
511
511
512
512
512
512
546
593
600
579
555
539
530
525
522
520
516
517
515
514
514
512
511
512
512
511
512
512
513
512
511
443
345
333
377
425
456
473
483
490
495
501
504
506
506
508
510
510
511
511
511
512
510
510
512
511
582
678
689
645
597
566
549
540
533
528
523
519
517
516
515
514
513
513
513
512
512
512
512
513
511
444
346
332
377
426
457
473
483
489
495
500
502
505
508
509
510
511
511
511
510
510
511
511
511
512
579
677
691
646
599
566
548
541
533
527
524
520
517
515
514
513
513
512
512
513
512
512
513
512
511
443
346
333
377
425
457
474
483
490
495
500
504
505
507
509
509
510
510
511
512
511
511
512
511
511
580
678
690
646
596
565
548
540
533
528
523
519
518
516
515
514
513
513
512
512
512
512
513
511
inputs
220.76
202.48
147.18
119.12
117.16
123.44
127.55
129.37
129.24
128.18
127.70
128.08
127.95
128.59
128.44
128.22
128.30
128.36
127.99
128.39
128.43
128.49
128.12
128.08
128.02
127.96
113.22
89.53
77.66
76.05
77.64
78.64
78.77
78.45
77.97
77.47
78.11
77.03
77.24
77.20
76.87
77.43
77.75
77.35
77.32
77.69
77.29
77.26
76.76
77.04
77.38
106.77
155.82
179.03
181.61
178.42
176.79
177.00
177.81
178.52
179.16
178.71
178.85
178.97
179.70
179.51
179.12
179.35
179.10
179.19
179.25
178.88
179.71
179.84
179.16
179.58
148.97
100.61
77.78
75.30
78.61
80.36
80.28
79.17
78.48
77.84
77.85
78.05
77.90
77.61
77.47
77.44
77.55
77.34
77.15
77.40
77.32
77.26
77.19
76.70
77.41
106.34
155.29
179.24
181.47
177.87
176.14
176.65
177.44
178.58
178.89
178.90
179.56
179.48
179.05
179.12
179.02
178.80
178.88
178.94
179.44
179.60
179.35
179.43
179.49
179.12
150.17
101.22
77.26
75.04
77.77
80.17
80.47
78.59
78.26
78.02
77.28
77.40
77.56
77.67
77.63
77.73
77.52
77.77
77.68
77.19
77.46
77.38
76.89
77.16
77.50
106.89
155.51
179.05
181.61
178.42
176.36
176.47
177.59
178.27
178.91
178.90
178.70
179.28
179.24
178.98
179.33
179.20
179.41
179.16
178.82
179.21
179.25
178.88
179.27
179.31
149.59
100.57
77.35
74.77
78.82
80.65
80.69
79.26
78.60
77.96
77.98
78.17
77.59
77.63
77.47
77.44
77.55
77.34
77.59
77.50
77.44
77.38
76.89
77.59
