0
6
19
37
60
84
108
133
159
184
212
234
250
260
266
268
269
267
265
262
257
255
255
259
266
274
283
292
302
312
324
332
336
338
337
335
332
328
323
318
313
310
308
310
313
317
321
327
333
339
346
351
357
363
368
373
379
383
388
392
398
402
406
410
413
417
420
423
426
429
432
435
436
437
437
437
437
436
436
435
434
434
438
447
458
472
486
500
515
529
546
559
564
561
554
544
531
518
504
489
471
458
448
443
440
440
440
442
444
447
450
454
462
474
488
504
521
538
555
572
591
607
618
626
631
635
637
638
637
637
637
635
632
626
619
612
603
594
585
577
567
558
549
539
529
519
510
500
491
482
472
463
452
440
427
412
398
384
370
357
342
330
320
313
306
302
298
295
292
289
287
286
287
290
294
300
306
312
319
325
332
337
337
333
326
317
307
296
285
273
260
249
238
227
217
207
198
189
180
172
162
155
149
145
142
139
137
135
134
132
131
132
139
149
164
181
199
218
237
256
278
296
313
330
346
362
377
391
404
417
431
444
457
472
487
503
519
534
550
565
581
593
599
598
593
586
575
564
552
540
525
515
510
510
514
521
529
539
549
559
571
581
590
597
603
608
613
617
620
624
627
630
628
623
616
607
598
587
577
566
554
544
536
530
525
520
517
514
511
508
505
502
497
489
480
471
460
449
439
429
417
407
396
386
376
367
357
348
338
330
320
313
309
307
307
308
310
313
315
319
322
325
325
324
321
318
313
309
304
299
293
289
288
289
291
295
299
304
309
315
320
326
330
332
334
336
337
337
338
339
338
339
342
345
351
357
363
370
376
382
390
397
408
422
437
454
472
490
508
526
546
562
574
583
590
594
597
599
600
600
601
600
598
593
586
579
571
563
555
547
537
529
523
518
513
509
505
502
499
496
493
489
481
472
460
447
434
420
406
392
377
364
353
343
335
327
320
314
309
304
298
295
296
301
308
316
325
336
346
357
369
377
380
377
371
363
353
342
331
319
306
297
293
295
302
310
320
332
344
356
371
383
397
412
428
443
459
474
490
505
522
535
546
555
563
570
577
582
587
592
596
598
595
587
576
562
547
531
515
499
480
464
450
437
425
414
403
393
384
375
365
358
353
351
349
350
351
352
354
357
359
360
359
356
350
342
334
326
317
309
300
291
285
280
276
274
272
270
269
268
267
266
266
267
268
269
271
273
275
277
279
281
284
289
293
299
304
309
314
320
326
329
331
330
327
322
318
313
307
302
295
289
285
280
276
273
269
267
263
261
258
257
261
268
279
291
304
318
333
347
363
377
394
411
431
450
470
490
510
528
549
564
571
570
564
554
543
529
514
500
482
467
452
438
424
410
397
384
372
360
346
336
331
329
330
333
337
342
347
353
360
367
376
388
402
416
431
447
462
477
494
507
517
525
529
532
534
535
535
535
535
536
541
549
560
573
587
601
615
630
646
659
668
672
674
673
672
669
666
662
657
652
642
629
613
594
575
556
536
517
494
478
468
465
466
471
479
488
498
509
521
529
529
524
515
502
487
471
455
439
420
406
397
392
389
389
391
394
398
402
407
413
423
437
453
472
491
510
530
549
571
588
600
608
613
615
616
616
615
614
612
611
615
622
632
643
656
669
682
695
710
720
722
715
704
688
670
651
631
611
586
567
549
533
520
507
495
484
474
464
453
445
439
434
431
428
426
426
424
424
424
424
429
437
447
459
472
485
499
512
527
539
548
554
557
558
558
557
556
554
552
549
545
539
533
526
519
511
503
496
487
480
475
471
469
466
465
464
463
462
461
460
454
446
435
422
409
396
383
370
inputs
184
40
136
50
119
122
122
104
216
34
132
238
152
95
73
16
63
118
2
0
29
171
171
221
61
203
171
81
116
49
37
100
46
110
85
132
230
148
90
111
22
51
150
11
162
205
169
32
49
104
28
64
80
109
42
52
167
233
35
28
124
202
129
239
139
21
193
14
128
244
139
249
33
68
106
204
124
82
114
17
