0
128
321
459
551
613
654
682
701
713
719
724
728
729
732
733
735
735
736
736
737
634
484
377
306
257
225
203
188
178
172
168
165
163
162
160
161
160
160
159
160
225
327
398
446
478
500
515
524
531
535
539
541
543
543
544
544
544
543
543
543
483
393
330
287
258
239
227
218
212
207
205
203
202
201
200
200
200
199
199
200
248
320
372
407
430
445
455
461
465
469
471
472
474
474
475
475
476
477
477
476
478
481
483
484
484
485
486
486
487
488
487
488
489
489
489
489
488
488
487
488
487
488
487
488
488
488
488
489
489
489
488
488
487
488
487
487
487
488
488
488
475
457
443
435
428
425
421
419
418
417
416
417
416
416
416
416
416
417
417
417
494
612
696
752
788
813
830
841
850
855
858
860
863
864
865
865
865
864
864
863
737
544
409
319
258
218
191
172
160
153
147
143
140
138
138
137
136
135
135
inputs
184
40
136
50
119
122
122
104
216
34
