0
182
452
640
766
848
905
944
967
983
994
824
560
375
250
166
111
74
49
33
21
14
8
5
3
1
1
0
0
0
0
180
450
639
766
849
905
943
969
986
996
825
560
376
251
167
111
74
49
32
22
196
460
645
769
850
905
943
968
986
998
1005
1011
1016
1019
1019
1019
1020
1021
1022
1020
841
572
383
256
171
114
75
50
33
21
196
460
646
770
851
905
942
969
985
998
827
563
378
252
169
112
75
49
32
21
195
459
644
769
851
907
945
971
990
1000
1006
1011
1015
1018
1018
1017
1018
1018
1020
1020
1021
1021
1023
1023
1023
1022
1022
1022
1023
1021
1020
1019
1019
1020
1021
1021
1022
1023
1023
1023
1022
1021
1022
1023
1023
1021
1019
1020
1020
1021
1021
1021
1022
1023
1023
1023
1022
1022
1023
1023
843
572
384
256
171
114
75
51
33
22
15
9
6
4
2
1
0
0
0
0
0
0
0
0
0
0
0
0
0
0
180
449
636
763
848
905
944
969
987
inputs
255
0
0
255
0
255
255
0
255
0
255
255
255
255
255
255
0
0
0
255
