0
156
396
508
520
504
494
497
501
503
508
510
509
510
511
511
512
511
512
512
510
510
511
511
511
511
528
554
557
545
534
526
521
519
516
514
514
514
513
513
512
512
512
512
513
512
511
512
512
512
512
476
427
422
444
469
485
492
497
502
504
506
507
508
509
510
510
511
511
511
512
511
511
512
512
512
545
593
600
578
554
539
531
525
522
520
518
517
515
514
514
512
511
511
511
512
512
511
512
512
512
478
429
422
444
468
485
493
497
500
504
506
507
509
510
511
511
510
510
510
510
511
511
511
512
512
547
596
601
580
556
538
529
524
521
519
516
516
516
514
513
513
513
513
513
511
511
511
511
511
512
478
429
422
444
469
484
493
498
499
503
506
507
508
509
510
511
512
511
511
512
511
512
511
511
511
544
594
602
580
555
538
529
526
523
521
518
514
513
513
511
512
513
512
513
513
512
513
512
511
inputs
220.76
203.77
147.48
119.06
117.00
123.15
128.00
128.61
128.73
129.25
128.18
127.87
128.53
128.38
128.16
128.24
127.87
128.27
127.87
127.83
128.64
128.77
128.52
128.61
128.67
128.73
121.46
108.62
102.75
102.43
102.78
103.22
103.41
102.99
103.31
103.55
103.20
102.89
103.02
102.81
103.06
102.97
102.91
102.85
102.36
102.63
102.98
102.58
102.55
102.48
102.42
117.90
142.53
153.86
155.20
153.21
152.11
152.72
153.12
152.85
153.27
153.38
153.67
153.81
153.83
153.73
153.94
153.69
153.78
153.84
153.47
153.86
153.90
153.53
153.49
153.43
139.13
115.10
103.25
102.08
103.76
104.46
104.18
104.19
103.69
103.19
102.96
102.55
102.72
102.67
102.34
102.90
103.22
103.26
103.32
102.95
102.91
103.28
102.89
102.85
102.79
117.40
141.84
153.78
155.08
153.52
152.08
152.29
153.02
153.59
153.35
153.50
153.79
153.50
153.43
153.20
153.29
153.78
153.94
154.12
154.31
154.06
154.14
154.21
153.83
153.80
138.63
113.98
102.65
100.87
102.34
104.08
104.28
104.08
103.73
103.35
103.68
103.06
102.51
102.82
102.90
102.69
102.51
102.32
102.14
102.82
102.83
102.89
102.95
103.01
102.64
117.28
141.71
153.66
154.96
152.96
152.30
152.14
152.46
153.81
153.63
153.48
153.79
153.93
153.96
153.85
153.63
153.28
153.68
153.72
153.34
153.74
153.34
153.74
153.78
153.84
139.66
114.89
102.54
101.14
103.01
104.42
104.65
103.59
103.03
102.42
102.50
103.36
103.39
103.18
103.86
103.44
102.97
103.24
102.73
102.57
102.81
102.30
102.57
102.92
