3
15
31
52
75
99
124
149
175
199
223
246
268
290
310
329
348
365
383
399
414
429
443
456
469
482
494
505
515
525
535
544
554
562
570
578
585
592
599
605
612
617
623
628
633
638
643
647
651
655
659
661
656
647
634
620
603
587
570
552
535
519
503
487
473
459
445
432
419
407
396
385
375
365
355
346
337
329
322
314
307
300
294
287
281
276
270
265
260
255
251
246
242
239
234
231
228
225
221
219
216
215
218
224
232
241
252
263
274
285
297
308
318
328
338
347
356
365
373
381
388
395
402
409
416
421
427
432
437
442
447
452
456
460
463
467
471
474
478
481
483
486
489
492
494
497
499
501
503
505
506
507
504
498
490
481
471
460
450
439
429
419
410
400
391
382
374
366
358
351
344
337
331
325
319
314
308
303
298
294
290
286
281
277
274
270
267
264
261
258
256
253
250
248
245
244
242
240
238
236
234
233
235
240
245
253
260
269
277
285
294
301
309
317
324
331
338
344
350
356
361
367
372
377
381
386
390
394
398
401
405
408
411
414
417
419
422
425
427
429
431
433
435
437
439
440
442
444
445
447
448
449
451
452
454
455
457
458
459
461
462
463
464
465
466
467
469
469
470
471
472
472
473
474
475
476
476
476
477
477
478
478
479
479
479
480
480
481
481
481
482
481
482
482
483
483
483
484
483
483
484
484
485
485
485
485
485
486
485
486
486
486
486
486
486
486
486
486
486
487
487
487
487
487
487
487
487
487
487
487
487
487
487
487
487
487
487
487
487
487
487
487
488
487
487
487
487
487
487
487
488
488
487
486
483
481
479
476
474
472
469
467
464
462
460
458
456
455
453
451
449
448
446
445
444
442
441
440
438
438
436
436
435
434
433
432
431
431
430
429
429
428
428
427
427
426
426
425
425
424
424
426
432
440
452
466
480
495
511
525
540
554
568
582
595
607
619
630
641
652
662
671
680
688
696
704
712
719
725
732
738
744
750
755
760
765
769
774
778
782
786
790
793
796
799
802
805
808
811
813
816
816
810
797
780
760
738
716
692
669
646
623
602
581
561
541
522
505
488
472
456
442
428
414
401
389
377
366
356
345
336
327
317
309
301
294
287
280
273
267
261
255
249
244
239
234
229
225
221
217
213
210
211
216
223
232
242
252
264
275
286
296
306
316
326
335
344
352
360
368
376
383
389
396
402
408
413
419
424
429
433
438
442
446
450
453
456
460
464
466
469
471
474
477
479
482
484
486
488
489
492
494
500
511
523
538
553
569
584
600
615
630
645
659
672
685
697
709
720
731
741
751
760
769
778
785
793
801
808
814
821
827
832
838
844
849
853
858
862
866
870
875
878
881
884
888
891
894
896
899
902
903
901
896
888
880
870
861
850
841
830
821
812
802
794
785
777
770
762
755
748
742
736
730
724
719
714
709
704
700
696
691
688
684
681
678
675
672
668
666
663
660
658
656
654
652
650
648
646
645
643
640
636
630
622
614
605
596
587
578
570
561
553
545
537
530
523
517
511
504
499
493
488
483
479
474
469
465
461
458
454
451
448
444
441
439
436
433
431
429
427
424
422
420
418
416
415
413
412
411
409
407
405
402
398
394
390
387
382
379
375
371
367
364
361
358
355
352
349
346
344
341
339
337
335
333
331
329
328
326
324
323
321
320
319
318
316
315
314
313
312
311
310
309
308
307
307
306
306
305
304
303
299
294
288
280
272
264
256
247
240
232
224
217
209
203
197
191
185
179
173
168
164
159
155
150
146
143
139
135
132
129
126
123
120
117
115
112
111
108
106
104
102
100
99
97
95
94
93
91
inputs
184
40
136
50
119
122
122
104
216
34
132
238
152
95
73
16
