0
152
409
519
518
496
488
494
502
507
507
507
508
510
511
512
511
511
511
511
511
512
512
510
511
511
550
599
601
574
550
537
530
526
523
519
518
517
515
514
513
513
513
512
511
511
511
511
512
512
513
435
336
335
387
435
461
472
481
488
495
500
503
505
507
509
508
509
511
510
510
511
510
511
512
512
590
687
689
637
588
561
549
541
533
527
523
520
519
518
515
514
514
513
513
513
511
511
512
512
512
436
337
335
385
432
461
474
481
488
495
500
503
504
507
509
510
510
510
510
511
512
511
510
511
512
587
686
688
638
590
562
549
541
534
528
523
520
518
516
515
514
514
514
512
511
512
512
512
512
511
435
337
335
386
434
461
474
481
488
494
500
504
506
506
508
509
511
510
510
511
512
511
511
511
511
587
687
689
637
589
562
550
542
534
527
523
520
518
515
516
515
514
513
514
512
511
511
512
512
inputs
220.76
205.50
142.26
113.52
115.68
124.35
129.17
129.27
128.10
127.30
127.97
128.53
128.64
128.23
128.03
127.69
128.08
128.12
128.18
128.24
128.30
127.93
127.90
128.70
128.40
179.49
162.72
137.79
127.39
128.13
130.19
130.50
130.09
129.38
128.81
129.05
128.47
128.08
128.24
128.20
128.30
128.09
127.91
128.16
128.50
128.54
128.60
128.66
128.29
128.26
25.76
59.27
109.49
129.03
128.18
123.96
123.26
125.33
126.54
127.47
127.50
127.53
127.76
128.01
127.99
127.73
128.52
128.49
127.96
128.50
128.66
128.41
128.93
128.65
128.31
230.27
196.54
146.94
126.92
127.67
132.20
133.31
131.77
130.35
129.99
129.76
129.44
129.23
128.55
128.04
128.51
128.44
128.11
128.24
128.03
127.85
128.53
128.54
128.17
128.13
26.07
58.81
108.96
128.81
128.80
125.21
123.56
124.83
126.71
127.60
127.62
127.65
127.89
128.57
128.22
127.98
127.90
128.11
128.29
128.47
128.23
127.88
128.27
128.74
128.47
230.12
197.72
147.55
127.69
127.71
131.73
133.05
131.80
130.35
129.56
129.23
129.22
128.99
128.74
128.76
128.59
128.57
128.24
127.93
128.49
128.81
128.42
128.38
128.32
128.26
26.63
59.47
109.30
129.18
128.73
124.61
123.61
124.83
126.71
127.60
128.05
127.75
127.58
127.73
128.45
128.26
128.31
127.77
128.31
128.47
128.23
127.88
128.27
128.31
128.37
230.43
197.69
147.11
127.16
127.92
132.01
133.02
131.37
129.82
129.34
129.41
129.07
128.86
128.61
129.07
128.13
128.04
128.02
128.12
127.48
128.06
128.38
128.42
128.05
128.01
