3
14
31
51
74
98
124
149
174
198
222
245
267
288
309
329
347
365
382
399
414
429
443
457
469
482
493
497
496
491
483
473
462
451
440
428
417
405
394
384
374
364
355
346
337
329
321
314
307
300
293
288
286
288
292
299
306
315
324
333
341
350
359
367
375
383
390
397
403
410
416
422
428
433
438
443
448
448
444
439
432
425
417
408
400
391
383
375
367
359
352
345
338
332
325
320
314
309
304
299
294
290
289
290
294
299
304
311
317
324
329
336
342
348
354
360
365
370
375
380
384
388
393
396
400
404
407
410
414
417
420
423
426
429
431
434
436
439
441
443
445
447
449
451
452
454
456
458
459
460
461
463
464
465
466
467
468
469
470
471
472
472
473
474
475
475
476
476
477
477
478
479
479
479
480
479
480
479
478
477
475
473
471
468
466
464
462
460
458
456
454
452
451
449
448
446
445
444
442
441
440
441
446
455
466
479
493
508
523
537
551
565
578
591
604
616
627
638
648
658
668
677
686
694
702
710
715
714
706
694
677
659
640
620
600
580
561
542
524
506
490
473
458
443
429
416
403
390
379
367
356
347
342
341
343
347
352
357
364
370
376
383
389
395
401
407
412
417
422
427
432
437
441
445
448
452
457
465
477
491
507
524
541
558
575
591
607
623
638
653
666
679
692
704
715
726
737
747
756
765
775
781
785
785
783
779
774
768
763
756
750
744
739
733
727
722
717
712
707
703
698
694
690
686
683
679
676
670
662
653
643
633
623
613
603
593
583
574
565
557
549
541
534
527
520
514
507
501
496
490
485
480
474
468
461
454
448
441
435
429
422
417
411
405
400
395
391
386
382
378
374
370
366
363
359
356
353
347
339
330
321
311
301
291
281
272
262
254
245
237
229
221
214
207
200
194
187
182
176
171
165
161
159
159
160
161
164
167
170
173
177
179
183
186
189
192
194
197
199
202
204
206
208
210
212
215
217
221
228
235
243
252
261
269
278
287
295
303
311
318
325
332
338
344
350
356
361
366
371
376
380
383
382
376
368
357
345
333
320
307
294
282
269
258
246
235
225
215
205
196
187
179
171
163
156
149
143
136
130
124
118
113
108
103
98
94
89
85
81
77
73
70
66
63
60
58
55
52
50
47
45
43
43
43
44
46
48
51
53
56
58
61
63
66
68
70
72
74
76
77
79
81
82
84
85
86
90
97
109
126
144
163
184
205
225
245
264
283
301
319
336
352
367
381
395
408
421
433
445
455
467
478
487
496
505
513
521
528
536
542
549
555
561
567
572
577
582
587
591
596
600
604
608
611
615
618
622
627
634
642
651
660
669
679
687
696
704
712
720
728
735
742
748
754
760
766
772
777
782
787
792
794
791
781
767
751
734
715
696
678
659
641
623
606
589
574
558
544
530
517
504
492
481
470
459
449
441
439
441
448
458
469
481
494
507
520
532
544
556
568
579
590
600
610
619
628
637
645
653
660
668
674
679
682
684
686
687
688
688
689
688
688
688
688
688
688
688
688
687
687
687
687
687
687
687
687
686
682
674
664
653
641
629
617
604
592
580
569
558
547
537
527
518
509
500
492
484
477
470
463
456
450
446
443
442
441
441
441
442
442
443
443
444
445
446
447
448
448
449
450
451
451
452
452
453
453
452
449
444
438
430
421
413
404
395
386
378
370
362
355
347
340
334
327
321
316
310
304
300
295
290
285
281
276
271
265
261
256
251
246
242
238
234
230
226
222
219
216
212
209
207
204
201
198
196
194
192
193
196
201
207
213
220
227
234
241
248
255
262
268
274
280
285
290
296
300
305
309
313
317
inputs
184
40
136
50
119
122
122
104
216
34
132
238
152
95
73
16
63
118
2
0
29
171
171
221
61
203
171
81
116
49
37
100
