0
128
324
458
550
611
653
680
699
712
719
725
731
732
734
735
736
736
736
735
735
634
482
376
304
256
225
203
189
179
172
168
165
162
161
160
160
160
160
159
159
225
328
400
448
479
501
516
524
529
534
537
540
541
542
543
543
545
546
545
544
485
394
329
286
256
238
225
217
211
207
205
203
202
201
200
200
199
199
199
199
248
321
372
406
430
445
456
464
468
470
472
473
474
473
474
474
475
475
476
476
479
482
485
485
486
487
488
488
488
487
487
487
487
488
488
488
489
490
489
488
488
488
489
488
487
487
487
487
487
488
488
489
490
489
488
488
488
489
488
487
474
456
442
434
428
425
422
421
419
417
417
416
417
417
415
416
415
415
416
416
493
613
697
753
788
813
830
844
852
854
856
858
861
862
863
864
865
867
868
864
740
547
412
320
259
217
191
172
160
151
147
143
141
139
138
137
136
136
136
inputs
184
40
136
50
119
122
122
104
216
34
