0
126
321
458
550
613
653
679
697
710
718
625
476
371
302
255
223
203
189
178
172
235
332
402
448
480
501
516
525
532
537
481
391
327
285
257
237
225
216
211
206
253
325
375
408
432
447
456
463
467
470
475
478
480
482
484
485
487
487
487
488
489
488
488
488
488
488
487
486
486
487
475
456
443
434
429
426
422
420
419
418
497
613
695
751
788
813
830
842
850
856
732
542
407
318
257
217
189
171
159
151
213
314
385
433
465
487
501
510
515
520
596
709
787
841
878
903
919
930
939
944
890
802
737
695
667
649
636
625
619
615
573
512
468
440
420
408
400
393
388
386
369
344
327
314
307
302
299
296
295
294
253
193
150
121
101
88
80
74
70
68
100
147
182
205
221
232
239
243
245
247
288
347
387
415
433
447
455
461
464
467
386
266
180
123
84
58
40
30
22
17
12
8
5
3
1
0
0
0
0
inputs
184
40
136
50
119
122
122
104
216
34
132
238
152
95
73
16
63
118
2
0
