0
0
4
18
39
68
100
134
168
204
238
272
305
336
367
397
425
452
478
503
526
553
569
576
573
564
550
533
515
496
476
456
437
418
399
382
365
348
332
317
302
286
273
260
248
237
226
215
205
195
186
177
169
161
154
147
140
133
127
121
116
110
109
119
137
160
188
218
248
279
310
340
370
399
426
453
478
503
526
549
571
595
609
614
609
598
583
565
545
524
503
482
461
441
422
403
384
367
350
334
319
302
293
294
303
319
339
362
386
411
436
460
484
508
531
553
574
594
614
632
650
670
686
702
716
730
743
756
768
780
791
802
812
821
830
839
847
855
863
870
877
884
886
878
861
839
812
784
754
724
694
664
636
607
580
554
528
505
482
460
439
415
401
397
402
414
429
447
468
489
510
531
553
573
593
612
630
648
665
682
697
714
723
723
713
697
678
655
631
606
581
557
533
509
487
464
443
424
404
386
366
346
335
334
342
356
375
395
418
441
465
488
511
534
555
576
596
615
634
652
669
687
703
717
731
744
757
769
781
792
802
812
822
831
840
848
856
863
870
878
884
891
897
903
908
914
918
923
928
932
936
940
944
947
951
954
957
960
963
965
968
971
974
975
977
979
982
983
985
987
989
990
991
992
994
995
997
998
999
1000
1001
1002
1003
1005
1005
1006
1006
1007
1008
1009
1010
1010
1011
1011
1011
1012
1013
1013
1014
1014
1014
1015
1015
1016
1016
1016
1016
1016
1017
1017
1017
1017
1017
1018
1018
1018
1018
1018
1019
1018
1019
1018
1013
999
977
949
917
884
850
815
781
747
714
683
652
623
594
567
541
516
493
466
445
424
405
386
368
352
336
320
305
291
277
265
253
241
230
219
209
199
190
180
172
163
156
149
142
135
129
123
117
112
106
102
97
93
88
84
80
76
73
69
70
82
101
126
155
187
219
252
284
316
347
376
405
433
460
485
510
533
558
584
604
623
641
658
675
691
707
721
735
748
760
772
784
795
805
815
824
834
842
852
855
848
832
812
786
759
731
702
672
644
615
588
562
537
512
489
466
445
425
402
388
385
391
402
419
438
458
480
501
523
544
565
585
605
624
642
659
675
691
709
724
737
750
762
774
785
796
806
816
826
834
843
851
859
866
873
880
887
893
899
900
891
874
851
824
795
764
734
703
673
644
615
587
561
535
511
488
465
444
420
406
402
406
418
433
451
471
492
513
534
556
576
596
615
633
651
668
684
700
716
725
724
715
699
679
657
632
608
583
558
534
511
488
466
445
425
405
387
369
350
338
337
345
359
377
398
421
444
467
491
514
536
558
578
598
618
636
654
671
690
705
719
734
747
759
771
783
794
804
814
824
832
841
849
857
865
872
879
885
892
898
904
909
915
919
924
928
932
937
941
945
947
951
954
957
960
963
965
968
971
974
976
977
980
981
983
985
987
989
990
991
992
994
995
996
998
999
1000
1000
1002
1002
1003
1005
1005
1006
1006
1007
1008
1008
1009
1009
1010
1010
1011
1012
1012
1013
1013
1013
1013
1008
995
973
945
914
880
846
812
778
745
712
680
650
620
592
565
539
515
491
465
448
442
445
454
468
485
503
523
543
563
582
601
620
638
655
672
688
703
718
734
742
741
730
714
693
670
646
620
595
570
545
521
498
476
454
433
414
395
377
356
340
324
309
295
281
269
256
244
233
222
212
202
192
183
175
167
159
152
145
137
136
144
160
183
209
238
268
299
328
358
387
415
442
468
493
517
540
562
583
607
626
644
661
678
694
708
723
737
750
762
774
785
796
806
816
825
834
843
851
860
868
875
881
888
894
900
905
910
915
920
925
930
934
938
942
946
949
952
955
959
962
964
967
970
973
975
977
978
981
983
984
986
988
990
991
992
994
995
inputs
255
0
0
255
0
255
255
0
255
0
255
255
255
255
255
255
0
0
0
255
255
0
255
255
0
255
0
255
255
255
255
255
0
255
0
0
255
255
255
255
