0
0
0
0
0
0
0
0
0
0
0
0
0
0
0
0
0
0
0
0
0
0
0
0
0
0
0
0
0
0
0
0
0
0
0
1
8
23
41
63
88
113
138
162
187
211
235
257
279
300
320
339
357
374
391
407
423
437
451
464
476
489
500
511
521
531
541
550
559
567
574
582
589
596
602
608
615
620
625
630
635
640
644
648
652
655
659
662
666
669
673
675
678
681
684
686
688
690
693
695
697
696
692
682
668
652
635
617
598
580
561
544
526
510
494
480
464
450
437
424
413
401
390
379
369
360
351
342
334
326
318
310
303
296
290
284
278
273
267
263
258
253
249
245
241
237
233
230
227
223
221
218
215
213
210
208
205
203
201
199
197
195
194
192
191
189
188
187
185
184
183
181
181
180
179
178
177
176
175
175
173
173
173
172
171
171
171
170
170
169
169
168
168
167
167
167
166
166
165
165
165
166
171
179
188
200
212
225
238
251
264
276
288
300
311
321
332
342
351
359
368
376
384
391
398
405
411
417
423
429
434
439
444
448
453
457
461
465
469
472
475
478
481
484
487
490
492
495
497
499
501
503
505
507
509
510
512
514
515
516
518
519
520
521
522
523
524
525
526
526
527
528
529
529
530
531
532
532
533
533
534
534
535
535
536
536
536
536
536
537
537
538
538
538
538
539
539
540
539
540
540
539
535
528
519
509
498
486
474
463
451
441
430
420
410
400
391
383
374
366
359
351
345
338
331
325
319
313
309
304
299
294
290
286
281
278
274
270
267
264
261
258
256
253
250
248
246
244
242
240
238
236
234
233
231
229
228
227
226
224
224
222
221
220
220
219
218
216
216
215
214
214
213
212
212
211
211
210
210
210
209
209
208
208
208
207
207
206
205
205
205
205
205
204
204
204
204
203
203
203
203
204
207
213
220
228
237
247
256
265
275
283
292
300
308
316
323
330
337
343
349
355
360
366
371
376
380
385
389
393
398
401
404
407
410
413
416
419
422
424
426
429
431
433
435
437
439
441
442
444
445
447
448
450
451
452
453
454
455
456
457
458
459
459
460
461
462
463
463
463
464
465
465
466
466
467
467
467
467
468
468
469
469
469
469
470
470
470
471
471
471
471
471
472
472
472
472
472
472
473
473
473
474
474
475
475
476
476
477
477
477
478
479
479
479
480
480
480
481
481
482
482
482
482
482
482
483
483
483
483
483
484
484
484
484
484
484
485
485
485
485
485
485
485
486
485
486
486
486
486
486
486
486
486
486
486
486
487
487
487
487
487
487
487
487
487
487
488
487
488
488
487
488
487
488
488
488
488
488
488
488
488
488
488
488
488
488
488
488
487
487
488
488
488
487
488
488
488
487
488
488
488
488
488
488
488
488
488
488
488
488
488
488
488
488
488
488
488
488
488
488
488
488
488
488
488
488
488
488
488
487
488
488
488
488
488
488
488
488
488
488
488
488
488
488
488
488
488
488
488
488
488
488
488
488
488
488
488
488
488
488
488
488
488
488
488
489
488
488
488
488
488
488
488
488
488
488
488
488
488
488
488
488
488
488
488
488
488
488
488
488
487
488
488
488
488
488
488
488
488
488
488
487
485
484
481
479
476
474
472
469
467
465
462
460
458
456
454
452
451
449
448
446
445
443
442
441
440
439
437
437
436
435
434
433
433
432
431
430
429
429
429
428
427
427
426
426
425
425
425
424
424
424
423
423
423
423
422
422
422
421
421
421
421
421
420
420
420
420
420
420
419
419
419
419
419
418
418
418
418
418
418
418
418
418
417
417
417
417
417
417
417
417
417
417
417
417
417
416
417
inputs
184
40
136
50
119
122
122
104
