6
23
47
76
109
144
179
214
249
283
315
347
378
407
435
462
488
513
536
558
580
600
620
638
656
673
689
704
719
733
747
759
772
783
794
804
815
824
833
842
851
855
848
834
813
788
760
731
701
672
643
615
588
561
535
511
487
465
444
423
403
384
367
350
333
318
303
288
275
262
250
238
227
216
206
196
187
178
170
162
153
146
139
133
126
120
115
110
104
99
95
90
86
82
78
74
71
67
64
61
58
55
53
50
48
45
43
41
39
37
36
34
32
31
29
28
27
26
24
23
21
25
37
59
86
117
151
185
219
253
287
319
351
381
410
438
465
490
515
538
560
582
602
622
640
658
675
690
706
720
734
748
761
773
784
795
805
815
825
834
844
848
842
828
807
782
755
726
697
667
639
610
583
557
531
507
484
461
440
420
400
382
364
347
331
316
301
287
274
261
249
237
226
215
205
196
187
177
169
161
152
150
158
175
197
224
253
283
313
342
372
400
428
455
481
505
529
551
573
594
614
633
651
667
684
700
714
729
743
755
767
779
790
801
811
821
830
839
847
855
864
871
878
885
891
897
903
908
914
918
923
928
932
936
940
944
948
951
954
957
960
963
966
968
971
974
975
977
980
981
983
986
987
989
990
992
993
994
996
997
998
995
982
961
934
903
870
836
802
768
735
702
671
641
612
584
557
531
506
483
461
440
419
400
381
363
347
331
316
300
286
273
260
248
237
226
215
205
195
186
176
172
178
193
214
240
267
296
325
354
383
411
438
464
489
514
537
559
580
601
620
639
656
673
689
704
719
733
747
759
771
783
793
804
814
824
833
842
850
858
866
869
862
847
825
799
771
742
712
682
653
624
596
569
543
518
494
471
450
429
410
391
372
355
338
323
308
294
280
267
254
242
231
220
210
200
191
182
173
165
155
154
162
178
201
227
256
285
315
345
374
403
431
457
483
507
531
553
575
596
616
635
652
669
686
701
716
731
744
757
769
781
792
802
812
822
832
840
848
856
866
872
880
886
892
898
903
909
914
920
925
928
933
937
941
945
948
952
955
957
960
963
966
969
971
973
975
977
979
981
984
985
986
988
989
991
993
994
995
996
997
998
999
1001
1002
1003
1003
1004
1005
1006
1007
1007
1008
1008
1009
1010
1010
1011
1012
1012
1012
1012
1013
1013
1014
1014
1014
1014
1015
1015
1016
1016
1016
1017
1017
1017
1017
1017
1018
1018
1018
1018
1018
1018
1019
1019
1019
1019
1019
1020
1020
1019
1019
1020
1020
1020
1021
1021
1020
1020
1020
1021
1021
1021
1021
1021
1021
1021
1021
1021
1022
1022
1021
1021
1022
1022
1022
1022
1022
1022
1022
1022
1022
1023
1022
1022
1022
1022
1022
1022
1022
1022
1022
1022
1022
1022
1022
1022
1022
1022
1022
1021
1022
1021
1021
1021
1021
1021
1021
1021
1021
1021
1021
1021
1021
1021
1021
1021
1022
1021
1021
1022
1021
1021
1021
1022
1021
1021
1021
1021
1021
1022
1022
1021
1021
1021
1021
1021
1022
1021
1021
1021
1021
1021
1021
1022
1021
1021
1021
1021
1021
1021
1022
1022
1021
1021
1021
1021
1021
1021
1021
1017
1003
981
953
921
887
852
818
783
749
716
684
653
624
595
567
541
516
492
470
448
427
407
389
371
353
337
322
307
293
279
266
253
242
231
220
210
200
190
180
171
163
156
149
142
135
129
123
117
112
107
102
97
92
88
84
80
76
72
69
66
63
60
57
54
52
49
47
44
42
40
39
37
35
33
31
30
29
28
25
24
23
22
21
20
18
18
17
16
15
15
14
14
13
12
11
11
10
9
9
9
8
8
7
7
7
6
6
6
5
5
5
4
4
4
3
3
3
3
3
7
20
43
71
102
136
171
206
241
275
309
340
371
400
429
456
482
507
530
553
575
595
615
634
652
669
685
701
716
730
743
757
769
780
791
802
812
822
831
inputs
255
0
0
255
0
255
255
0
255
0
255
255
255
255
255
255
0
0
0
255
