0
160
397
506
518
502
494
496
502
505
507
510
510
510
511
512
511
510
511
510
511
512
511
512
512
512
514
512
510
511
511
511
511
511
511
511
512
512
512
512
513
546
594
601
579
554
538
528
524
523
521
518
517
514
513
514
512
512
511
511
511
511
512
512
512
512
512
512
513
512
512
511
510
510
511
511
511
512
512
512
512
441
346
334
377
425
456
474
484
490
496
500
503
506
509
509
509
511
510
510
511
511
511
511
512
511
511
511
512
512
513
512
511
511
511
511
511
511
512
512
512
581
678
691
646
597
565
548
540
532
526
523
519
517
517
514
514
514
514
513
511
510
512
512
512
512
512
512
512
512
512
513
511
511
511
512
511
511
511
511
511
441
346
332
377
426
457
474
484
490
495
501
503
506
507
508
510
510
510
511
512
512
511
510
510
511
511
512
512
511
512
512
513
512
511
511
511
511
511
511
inputs
220.76
202.05
146.65
119.33
117.45
123.84
128.08
129.16
128.52
128.53
128.54
127.84
128.10
128.28
128.03
127.69
128.08
128.55
128.28
128.80
128.52
128.18
128.57
128.18
128.14
128.08
127.16
127.76
128.51
128.22
128.30
128.36
128.43
128.49
128.55
128.61
128.24
128.20
128.14
128.08
127.59
113.18
89.04
77.07
75.77
77.76
78.86
79.55
79.01
77.82
77.25
77.33
76.90
77.49
77.55
76.91
77.49
77.38
77.75
77.79
77.85
77.91
77.54
77.50
77.44
77.38
77.32
77.26
76.76
77.04
76.95
77.32
77.79
77.95
77.70
77.79
77.85
77.48
77.44
77.38
77.32
107.90
155.83
178.99
181.88
178.67
177.04
176.81
177.52
178.54
178.73
179.04
179.25
179.07
178.52
178.90
179.21
178.65
179.19
179.35
179.10
179.19
179.25
179.31
178.94
179.33
179.37
179.43
179.06
179.03
178.53
178.80
179.15
179.19
179.25
179.31
179.37
179.43
179.06
179.03
178.96
149.12
100.41
76.74
74.49
78.08
80.25
80.26
78.83
78.60
78.49
77.87
78.11
77.96
77.24
77.86
77.48
77.18
76.87
77.00
77.65
78.10
77.39
77.38
77.32
77.26
77.19
77.13
77.07
77.01
76.95
76.46
77.16
77.17
77.23
76.86
77.26
77.30
77.36
77.42
77.48
107.75
155.71
179.73
181.95
178.36
176.63
176.71
177.40
178.42
179.04
178.59
179.16
178.95
179.26
179.41
179.00
179.23
179.41
179.16
178.82
178.78
179.15
179.62
179.78
179.53
179.62
179.25
179.21
179.58
179.19
179.15
178.66
178.93
179.27
179.31
179.37
179.43
179.49
179.56
