0
179
448
636
763
847
724
496
333
223
148
99
65
44
28
18
193
455
642
767
851
728
497
335
223
150
281
515
682
794
868
917
950
974
989
1000
826
564
378
254
170
293
524
688
798
870
738
504
337
226
151
280
516
682
796
871
920
953
976
992
1000
1005
1009
1013
1016
1018
1019
1021
1021
1023
1023
1023
1022
1022
1023
1022
1020
1019
1019
1020
1021
841
574
386
258
173
116
78
51
34
22
15
10
6
4
2
183
449
638
765
851
907
944
969
987
998
823
561
376
251
169
292
524
687
799
874
923
955
976
992
1001
827
562
378
253
168
294
524
689
799
874
744
507
341
228
152
283
515
682
793
869
919
953
976
991
1003
1011
1014
1016
1018
1020
1019
1018
1018
1019
1020
1021
1022
1022
1022
1023
845
576
387
258
172
294
523
687
797
870
742
506
340
227
153
102
68
45
30
20
191
455
640
766
850
906
944
970
987
1000
1010
1012
1015
1017
1019
1020
1018
1017
1019
inputs
255
0
0
255
0
255
255
0
255
0
255
255
255
255
255
255
0
0
0
255
255
0
255
255
0
255
0
255
255
255
255
255
0
255
0
0
255
255
255
255
