5
16
34
55
78
103
128
153
178
203
226
250
271
292
313
332
351
369
386
402
419
432
439
441
439
433
425
417
408
398
388
379
369
360
351
343
335
327
319
311
303
298
296
298
303
308
316
324
333
341
350
358
366
374
382
389
396
403
409
416
422
427
428
426
422
416
409
401
394
386
378
370
363
356
349
342
335
329
323
317
311
306
305
306
309
313
318
324
330
335
341
347
353
358
364
369
374
378
383
387
392
396
400
404
407
411
414
418
421
424
427
429
432
435
437
440
442
444
445
447
450
452
454
455
457
458
459
461
462
464
464
465
466
467
468
469
470
470
471
472
473
474
473
472
471
469
467
466
463
461
460
457
456
454
452
450
449
448
446
445
443
444
448
457
468
481
495
509
523
538
552
566
579
592
604
616
627
638
648
659
670
676
675
667
655
640
623
605
586
568
549
531
514
497
480
465
450
435
422
409
393
383
377
375
376
378
381
386
391
396
401
407
412
417
422
427
432
436
440
444
448
453
462
474
489
504
521
538
556
573
590
606
621
636
651
664
678
691
703
714
727
736
742
745
745
743
740
736
732
727
723
718
713
708
704
700
696
692
688
684
680
676
670
663
654
644
634
623
613
603
593
584
575
566
558
549
541
534
527
520
512
507
499
492
484
477
469
462
454
447
440
433
427
421
415
409
404
399
393
389
384
379
371
363
353
343
333
321
310
299
289
279
269
260
251
242
234
226
219
211
203
198
194
192
191
192
193
195
196
198
200
202
204
206
208
210
212
214
215
217
219
222
226
232
239
247
255
264
273
282
290
299
305
313
320
327
334
340
346
352
359
362
361
356
348
338
327
316
303
291
278
267
255
244
234
223
213
204
194
186
176
168
161
153
146
140
134
127
121
115
110
105
100
96
91
87
83
79
75
72
67
64
63
62
63
64
65
67
69
71
72
74
76
78
79
81
82
84
86
86
88
91
99
111
128
146
165
186
206
226
247
266
284
303
320
337
352
368
382
396
411
424
436
448
459
469
479
488
498
506
515
523
530
537
544
550
557
563
568
574
580
585
592
601
610
620
631
641
652
662
672
681
690
699
708
716
724
731
738
745
753
756
754
747
735
720
704
687
671
653
635
618
601
585
570
555
541
527
514
502
488
478
475
476
481
489
499
510
522
534
545
556
568
578
589
600
609
618
627
636
646
653
659
663
666
669
671
672
673
675
675
676
676
677
677
678
678
678
679
679
679
678
674
667
658
647
635
623
611
598
587
575
564
553
542
532
523
514
505
496
488
480
475
471
468
466
465
464
464
463
463
463
463
463
463
462
462
462
462
462
463
462
458
452
445
437
429
420
410
401
392
384
375
368
359
352
345
338
331
325
317
312
306
300
294
287
281
275
270
264
259
254
249
244
240
236
232
228
224
220
216
214
213
216
220
225
230
237
243
249
256
262
268
274
280
285
290
295
300
305
310
313
315
314
312
309
305
301
297
292
288
283
279
275
270
266
263
259
255
252
249
246
246
249
253
258
264
271
278
284
291
297
304
310
316
322
327
332
337
342
347
351
354
356
357
357
357
357
357
357
356
355
355
354
354
354
353
352
351
351
351
351
352
356
360
366
372
377
384
390
396
401
407
413
418
423
428
432
437
441
445
451
459
471
484
500
516
532
548
564
580
595
610
624
637
650
663
675
686
697
709
718
723
725
725
723
720
716
712
707
703
698
694
689
685
681
677
673
670
666
662
658
652
644
635
625
616
605
595
585
574
565
556
547
539
530
522
515
508
501
493
487
483
479
476
473
472
469
468
467
465
464
463
462
461
460
459
459
458
457
inputs
184
40
136
50
119
122
122
104
216
34
132
238
152
95
73
16
63
118
2
0
29
171
171
221
61
203
171
81
116
49
37
100
46
110
85
132
230
148
90
111
