0
159
396
507
519
504
495
495
501
506
508
508
509
509
511
511
511
512
511
510
511
511
512
512
512
512
529
552
556
545
533
525
521
519
517
516
515
514
513
513
512
511
511
511
511
511
512
512
512
512
512
478
429
422
444
468
484
492
496
501
504
505
507
509
510
511
511
510
511
511
511
511
511
512
512
512
546
596
602
579
554
537
529
526
522
518
517
515
514
514
513
513
513
513
513
512
511
512
511
512
511
478
429
422
444
469
485
492
497
500
502
506
507
509
510
511
511
510
509
511
512
512
512
512
510
510
544
594
602
580
555
539
529
526
524
520
518
516
514
513
513
512
513
511
511
511
512
512
513
511
512
478
428
422
443
468
486
494
497
500
503
506
509
508
508
510
510
511
511
511
511
512
512
511
511
511
547
595
599
577
553
539
531
526
523
520
517
516
514
514
514
513
512
512
512
512
512
512
512
513
inputs
220.76
202.48
147.18
119.12
117.16
123.01
127.45
129.25
128.68
127.96
127.89
128.36
128.36
128.69
128.13
128.24
128.30
127.93
128.33
128.80
128.52
128.61
128.24
128.20
128.14
128.08
120.68
109.02
102.89
102.28
103.09
103.62
103.50
103.11
103.01
102.71
102.57
102.55
102.65
102.44
102.69
103.04
103.08
103.14
103.20
103.26
102.89
102.85
102.79
102.73
102.67
117.28
141.71
153.66
154.96
153.39
152.39
152.69
153.55
153.38
153.50
154.05
154.01
153.75
153.67
153.45
153.53
154.02
153.75
153.84
153.90
153.96
154.02
153.65
153.61
153.55
138.82
113.83
102.09
101.08
103.05
104.58
104.50
103.46
103.34
103.69
103.23
103.39
103.35
103.02
103.14
102.93
102.75
102.57
102.38
102.63
102.98
102.58
102.98
102.58
102.98
117.26
141.71
153.66
154.96
152.96
151.86
152.47
152.87
153.47
154.09
153.57
153.91
153.62
153.55
153.32
153.41
153.90
154.49
153.91
153.59
153.55
153.49
153.43
154.23
154.37
139.88
115.13
102.78
101.39
103.26
104.23
104.80
103.71
102.72
102.87
102.60
102.62
102.88
102.96
102.75
103.00
102.48
103.18
103.20
103.26
102.89
102.85
102.36
103.06
102.64
117.28
142.15
153.76
155.51
153.62
151.78
151.88
152.92
153.47
153.66
153.48
152.93
153.74
154.14
153.71
153.94
153.69
153.78
153.84
153.90
153.53
153.49
153.86
153.90
153.96
138.48
114.29
103.49
102.36
104.17
104.55
104.30
103.88
103.28
103.09
103.27
102.96
103.25
102.89
102.59
102.71
102.94
102.85
102.79
102.73
102.67
102.61
102.55
102.05
