0
156
370
456
504
548
585
614
636
654
667
678
686
692
697
701
702
705
707
710
713
714
714
715
716
716
715
715
716
715
714
715
715
715
717
716
716
718
718
717
716
716
716
715
715
715
716
716
717
717
715
716
680
630
613
618
629
640
651
662
673
683
689
694
699
703
707
708
709
710
711
711
712
713
715
715
715
716
716
717
716
716
715
716
714
714
714
715
715
717
717
717
719
718
717
716
716
715
715
715
715
716
717
716
716
718
718
716
716
717
715
715
715
714
715
716
717
716
717
719
718
717
716
716
714
714
714
715
716
716
717
717
718
718
717
716
715
716
716
715
715
716
717
716
716
717
718
717
716
716
715
715
714
715
716
716
717
717
717
718
717
716
716
716
716
716
715
715
716
716
717
716
717
718
717
716
715
715
715
715
715
716
716
717
716
716
718
718
716
716
716
714
714
714
715
715
716
716
717
718
inputs
227
160
141
154
162
165
168
170
172
173
175
175
176
177
177
177
178
178
179
179
178
178
179
178
178
178
179
179
178
179
179
179
179
179
178
179
179
178
178
178
179
179
179
179
179
179
179
179
178
178
179
128
139
154
161
164
167
170
172
174
175
175
176
177
177
177
177
178
178
178
178
179
179
179
178
179
179
178
178
178
179
178
179
178
179
179
179
179
179
179
179
179
178
178
178
179
179
179
179
179
179
179
178
179
179
178
178
179
179
178
179
179
179
179
179
179
179
179
179
178
178
178
179
178
179
179
179
179
179
179
179
179
178
178
178
179
179
179
179
179
179
179
178
179
179
178
178
178
179
178
179
179
179
179
179
179
179
179
178
178
178
179
179
179
179
179
179
179
179
179
178
179
178
178
178
178
179
179
179
179
179
179
179
178
179
179
178
178
179
178
178
179
179
179
179
179
179
179
179
178
