0
0
0
0
0
0
0
0
0
0
0
0
0
0
0
0
0
0
0
0
0
0
0
0
0
0
0
0
0
0
0
0
0
0
0
0
0
0
2
10
26
45
68
92
117
143
168
192
216
239
262
283
304
324
343
361
378
395
410
425
440
453
466
479
490
502
513
523
533
542
551
560
568
575
583
590
597
603
610
615
621
627
632
637
641
645
649
652
656
660
663
666
670
673
676
678
681
684
686
688
690
693
695
697
699
701
702
704
705
707
709
710
711
712
713
714
715
716
717
718
719
720
720
721
722
723
724
724
725
725
725
726
727
727
728
728
728
728
729
729
730
730
731
731
731
731
732
732
733
733
733
733
733
733
734
734
734
734
734
734
734
735
735
735
735
735
735
735
735
735
735
736
736
736
736
736
736
736
736
736
736
736
736
736
736
736
736
736
736
736
736
736
736
736
736
736
736
736
737
737
736
734
726
714
698
681
662
642
622
602
583
564
546
529
513
496
480
466
452
439
426
414
402
391
380
370
360
351
342
334
326
318
311
304
297
291
285
279
273
268
263
258
254
250
245
241
238
234
231
227
224
222
218
215
213
210
208
206
204
201
199
198
196
194
193
191
190
188
187
185
184
183
182
181
180
179
178
177
176
176
175
174
173
172
172
171
171
170
170
169
169
168
168
167
167
167
166
166
166
165
165
165
165
164
164
164
164
164
163
163
163
163
163
163
162
162
162
162
162
161
161
161
161
161
161
161
161
160
160
160
161
160
160
160
160
160
160
160
160
160
160
160
160
160
160
160
160
160
160
160
160
160
160
159
159
159
159
159
159
160
160
159
159
159
159
159
160
160
159
159
159
159
159
160
160
159
159
159
159
159
159
160
159
159
159
159
159
159
159
159
159
159
159
159
159
159
159
159
159
159
159
161
165
174
184
196
209
222
235
248
261
273
285
297
308
319
329
339
349
357
366
374
382
389
397
403
410
416
422
428
433
438
443
448
452
456
460
464
468
472
475
479
481
484
487
490
492
495
497
499
501
503
505
507
509
510
512
513
515
516
517
519
520
521
522
523
524
525
526
527
528
528
528
529
530
531
531
532
532
533
533
534
535
535
535
535
536
536
537
537
538
538
538
538
539
539
539
539
539
540
540
540
540
541
541
541
541
541
541
542
542
542
542
542
542
542
542
542
543
542
543
543
543
543
543
543
543
543
543
543
543
543
543
543
544
544
543
543
543
543
543
543
543
544
543
543
543
543
543
544
544
544
544
544
544
544
544
544
544
544
544
544
544
544
544
544
544
544
544
544
544
545
545
544
544
544
544
545
545
545
544
544
544
544
544
545
545
544
544
544
544
544
545
545
545
544
544
544
544
544
544
543
539
531
522
511
500
488
476
465
453
442
431
421
411
401
392
383
375
367
359
352
345
338
332
326
320
314
309
304
299
294
290
286
282
278
275
272
268
264
261
258
256
253
251
248
246
244
242
240
238
236
235
233
231
230
229
227
226
225
224
223
221
221
220
219
218
217
216
215
214
214
213
212
212
211
211
210
209
209
209
208
208
207
207
207
206
206
206
205
205
205
205
204
204
204
204
203
203
203
203
203
202
202
202
202
202
202
202
202
201
201
201
201
201
201
201
201
201
201
201
201
201
201
201
201
201
200
200
200
200
200
200
200
200
200
200
200
200
200
200
200
199
199
200
200
200
199
199
199
199
199
199
200
200
199
199
199
199
199
199
199
200
199
199
199
199
199
199
200
199
199
199
199
199
199
200
199
199
199
199
199
200
200
199
199
199
200
199
200
200
199
199
199
199
199
199
199
199
199
inputs
184
40
136
50
