0
154
395
507
520
504
495
498
503
505
507
509
510
510
511
512
511
510
512
511
511
512
511
511
512
511
510
511
511
511
512
512
512
512
512
513
513
511
511
510
511
528
552
555
546
534
526
521
518
516
515
514
514
513
512
512
511
513
513
513
512
512
512
512
512
511
511
511
510
512
511
512
512
512
512
512
512
511
512
511
511
477
428
422
444
468
484
494
499
501
502
506
508
508
509
510
510
510
511
511
512
512
510
511
511
511
512
512
512
513
511
510
511
511
512
512
512
512
512
513
511
545
593
600
579
555
539
529
525
523
520
517
516
515
515
513
512
512
512
511
512
512
511
512
512
512
513
512
511
511
511
512
511
510
511
511
512
512
512
512
513
479
428
422
443
466
483
493
497
501
503
506
508
509
511
511
511
510
509
509
512
512
512
512
512
512
511
511
512
512
510
510
511
511
511
511
511
512
512
512
inputs
220.76
204.64
148.11
119.83
117.46
123.64
128.06
128.57
128.14
128.43
128.42
128.15
128.07
128.28
128.03
127.69
128.08
128.55
127.85
128.27
128.30
127.93
128.33
128.36
127.99
128.39
128.86
128.59
128.67
128.73
128.36
128.32
128.26
128.20
128.14
127.65
127.49
128.17
128.18
128.67
128.40
121.15
109.18
103.50
102.13
102.87
103.28
103.47
103.48
103.47
103.31
103.29
102.95
103.08
103.30
103.22
103.59
102.76
102.63
102.44
102.69
102.61
102.55
102.48
102.42
102.79
102.83
102.89
103.38
102.68
103.10
102.70
102.67
102.61
102.55
102.48
102.42
102.79
102.40
102.79
102.83
117.57
142.12
153.76
155.08
153.52
152.52
151.95
152.18
152.97
153.87
153.33
153.24
153.71
153.71
153.61
153.82
154.00
153.75
153.84
153.47
153.43
154.23
153.94
154.02
154.08
153.71
153.68
153.61
153.12
153.82
154.27
154.00
154.08
153.71
153.68
153.61
153.55
153.49
153.00
153.70
139.04
115.04
103.19
101.59
103.17
104.17
104.74
104.08
103.19
103.03
103.21
102.90
102.76
102.30
102.74
102.94
102.85
102.79
103.16
102.77
102.73
103.10
102.70
102.67
102.61
102.11
102.39
102.73
102.77
102.83
102.46
102.85
103.32
103.05
103.14
102.77
102.73
102.67
102.61
102.11
116.63
141.80
153.39
155.14
154.11
152.90
152.48
153.26
153.41
153.93
153.72
153.60
153.65
153.12
153.23
153.29
153.78
154.37
154.65
153.66
153.68
153.61
153.55
153.49
153.43
153.80
153.84
153.47
153.43
154.23
154.37
154.12
154.21
154.27
154.33
154.39
154.02
153.98
153.92
