5
20
43
73
105
139
174
210
244
278
311
343
373
403
431
458
484
509
532
555
580
596
602
598
588
573
556
536
516
495
474
454
434
415
396
378
361
344
328
313
296
282
270
257
245
233
223
212
202
193
184
175
167
159
152
145
138
132
125
119
113
112
121
138
161
189
219
249
281
312
342
372
401
429
456
481
506
530
552
574
598
613
619
614
602
586
568
548
526
505
484
463
443
423
404
386
368
351
335
320
302
292
293
302
317
338
361
384
409
434
459
483
508
531
553
574
594
614
632
650
671
687
702
717
731
744
757
769
781
792
802
812
822
831
840
849
856
864
871
878
885
887
880
864
842
815
786
756
726
696
666
636
608
580
554
529
505
481
459
438
415
400
395
399
411
427
445
465
486
508
530
551
572
592
611
630
648
665
681
697
714
724
724
715
700
680
657
633
608
583
559
534
511
488
466
444
424
405
386
369
347
336
335
344
358
377
398
421
444
468
491
515
537
558
579
599
619
637
655
672
690
706
720
734
748
760
772
784
794
805
815
824
833
842
850
858
866
873
880
886
893
899
904
910
915
921
925
929
933
938
942
945
949
953
955
958
961
964
967
969
972
974
977
978
980
982
985
987
988
989
990
992
993
995
996
997
998
999
1000
1001
1003
1003
1004
1005
1005
1006
1007
1008
1008
1009
1009
1010
1011
1011
1012
1012
1013
1013
1013
1014
1014
1015
1016
1016
1016
1016
1016
1017
1018
1018
1018
1018
1018
1018
1019
1019
1019
1019
1019
1019
1019
1015
1002
980
952
920
886
852
817
783
749
717
684
653
624
595
568
542
517
493
466
445
424
405
386
368
351
335
319
304
290
277
263
251
240
229
218
208
198
189
178
170
162
155
148
141
134
128
122
116
111
105
101
96
91
87
83
79
75
72
68
69
80
99
124
153
184
217
250
282
314
345
376
405
433
459
485
510
533
556
583
604
623
641
659
676
692
707
721
735
749
761
773
784
795
806
816
825
834
843
852
856
850
835
814
789
762
733
703
674
645
616
589
563
537
513
489
467
445
425
402
388
384
389
400
417
436
457
478
501
522
543
565
585
605
624
642
660
676
692
710
724
738
751
763
775
786
797
808
818
827
836
844
852
860
868
875
881
888
894
900
901
893
877
853
827
797
767
736
705
674
645
616
588
562
536
511
488
465
444
420
405
400
404
415
431
449
469
490
512
533
554
575
594
614
632
650
667
683
699
716
726
726
717
701
681
659
635
609
584
559
535
512
489
466
445
425
405
387
369
350
337
335
342
356
375
396
419
442
465
489
512
534
556
577
598
617
635
653
670
690
705
719
734
747
759
771
783
794
805
815
824
834
842
850
858
866
873
880
886
894
900
905
910
916
921
926
930
934
938
942
946
949
953
956
959
962
965
967
970
973
975
977
979
981
983
985
987
988
989
991
992
993
995
996
997
998
999
1000
1001
1002
1003
1004
1005
1005
1006
1007
1007
1008
1009
1009
1009
1010
1011
1011
1011
1012
1012
1013
1013
1013
1010
996
975
947
916
882
848
813
779
745
712
680
650
620
592
565
539
514
491
464
447
440
442
452
466
483
501
520
540
560
581
600
619
637
654
671
687
702
717
733
743
741
732
715
695
672
647
621
596
570
545
522
498
475
454
433
413
394
377
356
339
324
309
294
281
268
255
243
232
221
211
201
192
183
174
166
159
151
144
137
134
142
158
180
207
236
266
297
327
357
386
414
441
467
493
518
540
562
583
607
626
645
662
679
694
709
724
737
751
763
775
786
797
807
817
827
836
844
852
861
868
875
883
889
895
901
906
911
916
922
927
931
935
939
942
946
950
954
957
960
962
965
968
971
973
975
977
979
981
983
985
986
988
990
991
993
994
995
996
inputs
255
0
0
255
0
255
255
0
255
0
255
255
255
255
255
255
0
0
0
255
255
0
255
255
0
255
0
255
255
255
255
255
0
255
0
0
255
255
255
255
