0
178
469
666
792
873
895
848
776
726
717
726
733
731
723
716
715
716
718
719
718
716
715
716
716
716
717
716
714
715
717
718
718
715
714
716
718
717
716
715
714
716
717
716
715
716
717
716
717
717
717
715
677
634
640
678
713
723
715
708
708
713
717
718
716
714
714
715
717
717
717
715
716
716
717
716
716
717
716
715
716
716
716
716
717
716
716
717
716
717
716
716
715
715
715
716
716
716
717
717
717
715
715
716
717
717
717
715
714
716
717
717
717
715
715
716
718
717
715
715
716
716
715
717
718
717
716
715
716
716
717
716
716
716
716
716
717
716
715
716
716
716
717
717
716
715
715
715
716
716
716
717
717
716
716
716
718
718
716
714
714
716
716
716
717
717
717
715
715
716
718
717
715
715
716
715
716
717
717
716
715
717
717
715
716
717
716
715
715
716
718
717
715
715
716
717
717
717
716
716
inputs
255.00
255.00
255.00
255.00
255.00
211.16
164.77
153.30
167.20
184.58
189.11
184.35
178.25
175.68
177.07
179.73
180.53
180.24
179.14
178.15
178.07
178.80
179.43
179.15
179.13
179.15
178.63
178.96
180.10
180.05
179.15
178.36
177.94
179.18
180.05
179.42
178.29
178.38
178.78
179.37
180.17
179.54
178.96
179.28
179.88
179.59
179.04
179.36
178.87
178.66
178.48
128.38
149.28
181.77
196.57
191.17
178.65
172.69
175.30
179.58
181.46
180.38
178.68
177.82
178.49
179.66
180.15
180.03
179.14
178.89
178.71
179.61
179.35
179.34
178.82
179.15
179.20
178.68
179.00
179.60
179.31
179.30
179.32
179.34
178.82
179.15
179.20
178.68
179.00
178.52
178.84
178.90
179.46
179.71
179.94
179.62
179.61
179.63
179.10
178.89
178.71
179.61
179.90
179.58
179.02
178.81
178.62
179.53
180.36
179.73
179.14
178.93
178.75
179.65
179.94
179.62
178.52
178.61
179.55
179.84
179.52
179.50
180.07
179.24
178.45
178.57
178.96
179.56
179.27
179.26
178.74
179.07
179.12
179.14
179.16
179.18
178.66
178.98
179.58
179.29
179.28
179.30
178.78
178.56
178.92
179.52
179.78
180.00
179.68
179.67
179.69
179.16
178.95
179.31
179.36
179.38
178.32
177.87
178.57
179.74
180.23
179.57
179.52
179.54
179.02
178.81
178.62
179.53
179.82
179.50
178.40
178.49
179.43
179.71
179.40
179.92
179.64
179.08
178.87
179.23
179.82
178.99
178.75
179.65
179.40
178.84
179.17
179.76
180.02
179.70
178.60
178.69
179.63
179.92
179.60
179.04
178.83
178.64
179.00
179.06
