545
389
355
379
418
460
500
538
572
599
622
640
656
668
676
684
691
696
702
704
706
710
713
713
713
713
713
713
713
714
715
715
717
716
716
717
718
716
717
716
715
716
715
715
716
716
716
717
716
718
718
717
715
715
716
714
714
714
715
716
717
717
717
718
719
717
716
715
715
716
716
715
716
716
716
717
717
716
717
717
715
716
716
715
715
715
716
717
717
717
717
717
717
716
716
715
714
715
715
715
716
716
717
717
718
718
718
716
716
716
714
714
714
715
716
716
717
717
718
718
717
716
716
716
716
715
716
716
716
717
716
717
717
716
717
717
715
715
716
714
714
715
716
717
717
717
718
718
718
716
715
716
715
714
714
715
715
717
716
716
718
718
717
716
715
716
716
714
715
716
716
717
717
717
718
717
717
715
715
715
715
715
716
716
716
716
717
717
717
718
717
716
716
714
715
714
715
716
716
717
inputs
54
99
117
129
140
148
155
160
164
167
170
172
173
174
176
176
177
177
177
178
178
178
178
178
178
178
179
179
179
179
179
179
178
179
179
178
178
179
178
179
179
179
179
179
179
179
179
178
179
178
178
178
179
179
178
179
179
179
179
179
179
179
179
178
178
178
179
179
179
179
179
179
179
179
179
178
178
179
178
178
179
179
179
179
179
179
179
179
179
178
178
178
178
179
178
179
179
179
179
179
179
179
179
179
178
178
178
179
178
178
179
179
179
179
179
179
179
179
178
178
178
179
179
179
179
179
179
179
179
178
179
178
178
179
178
178
179
179
178
179
179
179
179
179
179
179
178
178
178
179
179
178
179
179
179
179
179
178
179
179
178
178
178
179
179
179
179
179
179
179
179
179
179
178
178
178
178
179
179
179
179
179
179
179
179
179
178
179
178
178
178
179
178
179
179
179
179
179
179
179
