0
183
451
638
764
849
905
943
968
987
998
1005
1009
1014
1017
1017
1016
1017
1019
1019
1020
843
574
385
258
173
115
76
50
33
21
14
10
6
3
3
1
0
0
0
0
0
0
0
0
0
0
0
0
0
0
0
0
0
0
0
0
0
0
0
0
180
448
636
763
847
905
944
970
988
1001
1006
1010
1013
1017
1020
1018
1018
1018
1020
1020
842
573
385
256
172
115
76
51
33
22
14
9
6
4
2
1
0
0
0
0
181
449
637
764
849
905
941
966
984
997
1006
1010
1014
1018
1021
1021
1019
1020
1021
1023
1021
1019
1019
1019
1020
1021
1021
1022
1023
1023
1023
1022
1021
1022
1023
1023
1019
1019
1019
1020
843
574
385
257
173
115
77
50
33
22
14
9
5
4
2
1
0
0
0
0
180
448
636
763
850
906
942
966
984
996
1005
1010
1015
1018
1021
1023
1021
1020
1020
1022
846
573
384
256
171
114
76
50
34
22
14
9
6
3
2
0
1
0
0
inputs
255
0
0
255
0
255
255
0
255
0
