0
180
469
655
747
756
735
719
714
714
716
718
718
718
717
718
717
716
715
716
717
715
716
716
715
717
716
717
716
716
716
717
717
715
716
716
716
715
717
716
716
716
716
717
716
716
716
717
717
715
715
716
679
629
626
650
676
690
698
702
706
709
710
712
714
714
714
715
716
716
715
716
717
717
715
715
716
716
716
716
717
716
715
717
717
716
716
716
717
716
715
716
717
716
716
716
717
716
715
716
717
716
715
716
716
717
716
716
716
717
716
716
717
716
715
715
715
716
716
717
716
716
716
717
717
716
715
716
716
716
716
717
716
716
716
717
716
716
717
716
715
717
716
715
716
716
716
717
716
716
717
716
715
716
717
716
716
716
716
716
717
717
715
715
717
717
715
715
716
716
716
717
716
716
716
717
716
716
717
716
716
715
716
717
716
716
716
717
716
716
716
717
717
716
714
714
715
716
716
717
inputs
255.00
255.00
247.11
204.04
176.29
170.83
175.23
179.31
180.73
180.87
180.26
179.46
179.28
179.04
179.24
178.68
178.90
179.20
179.62
179.29
178.90
179.68
179.33
179.37
179.81
179.06
179.43
178.99
179.33
179.32
179.33
178.91
178.83
179.58
179.23
179.27
179.28
179.73
178.97
179.34
179.33
179.34
179.36
178.94
179.28
179.27
179.28
178.86
178.78
179.53
179.62
128.32
144.32
169.56
180.32
180.92
178.37
177.87
177.95
178.63
178.73
178.76
179.27
179.18
178.87
179.17
179.43
179.26
178.98
179.02
179.46
179.14
178.75
178.66
179.41
179.50
179.20
179.24
179.25
179.26
178.85
179.19
179.61
178.86
178.80
179.12
179.11
179.12
178.70
179.04
179.46
179.14
178.75
179.09
179.08
179.09
178.67
179.02
179.44
179.12
178.72
179.07
179.49
179.17
179.20
178.78
179.13
179.12
179.13
178.71
179.06
179.04
178.63
178.97
179.39
179.50
179.64
179.34
179.38
178.96
179.30
179.29
179.30
178.88
178.80
179.12
179.54
179.22
179.25
179.26
179.28
178.86
179.20
179.19
179.20
178.78
179.13
179.12
178.70
179.04
179.46
178.71
179.08
179.50
179.18
179.22
179.23
178.81
179.15
179.14
178.72
179.07
179.49
179.17
178.77
179.12
179.11
179.12
179.13
179.14
178.72
178.64
179.39
179.48
178.75
178.69
179.44
179.53
179.23
179.26
179.28
178.86
179.20
179.19
179.20
178.78
179.13
179.12
178.70
179.04
179.03
179.48
179.15
178.76
179.11
179.09
179.11
178.69
179.03
179.02
179.03
178.61
178.53
178.85
179.70
179.91
179.73
179.46
179.50
179.08
