0
0
0
0
0
0
0
0
0
0
0
0
0
0
0
0
0
0
0
0
0
0
0
0
0
0
0
0
0
0
0
3
16
38
66
98
132
167
202
236
276
305
323
332
334
330
323
315
308
311
324
340
361
383
407
432
456
480
504
526
553
574
595
614
632
650
667
684
699
713
729
738
737
727
711
691
668
643
618
592
562
542
532
531
536
546
560
575
592
608
628
641
643
637
625
608
588
567
545
523
497
480
472
474
482
495
511
528
547
566
588
607
625
643
660
676
692
707
722
736
751
763
775
787
798
808
817
827
836
845
855
862
869
876
883
889
896
902
907
912
918
923
928
932
936
940
944
947
951
954
958
961
964
966
968
971
973
976
979
980
981
979
967
946
920
890
858
825
791
757
719
687
656
627
598
571
544
519
496
473
447
426
406
388
370
353
337
321
306
292
276
267
269
280
296
317
341
366
392
418
451
476
500
524
546
568
589
609
628
646
666
679
680
673
660
641
621
598
575
552
524
505
497
497
505
517
531
547
565
583
605
623
640
657
673
689
704
719
733
746
760
768
766
756
738
716
692
666
640
614
583
562
551
548
553
563
575
590
606
622
641
653
655
649
636
618
598
577
554
532
505
487
480
482
489
502
517
534
552
571
593
612
630
647
664
680
696
711
725
738
753
766
777
789
799
809
819
829
837
846
856
863
870
877
884
890
896
902
907
912
918
923
928
932
937
940
944
948
951
954
958
957
945
926
900
871
840
808
775
742
704
677
661
654
654
659
667
677
689
701
716
725
724
714
698
677
655
630
606
581
551
527
504
481
460
439
419
400
381
364
344
333
331
338
352
371
392
415
438
463
490
513
536
558
579
599
618
637
655
672
691
706
720
734
748
760
773
784
795
805
817
827
836
844
852
860
868
875
882
888
896
897
887
869
846
819
789
759
729
698
662
637
623
617
619
625
635
647
660
673
690
704
717
730
743
756
768
779
790
801
812
818
813
800
781
757
731
703
675
647
614
588
562
536
512
488
466
445
424
405
383
365
348
332
317
302
288
275
262
250
236
229
233
245
263
286
311
337
365
392
423
450
475
499
523
546
568
589
609
628
649
662
665
658
645
628
608
586
563
540
514
495
487
488
496
508
523
540
558
576
598
612
616
612
600
585
566
546
525
504
480
463
456
458
467
481
497
516
535
554
577
596
615
633
651
668
684
699
714
728
744
753
751
740
723
703
679
654
629
602
571
546
522
499
476
454
434
414
395
377
356
340
324
309
295
281
268
255
243
232
219
209
199
190
181
172
165
157
149
143
135
128
123
117
112
106
101
96
92
88
83
79
75
72
68
65
62
59
56
53
51
52
64
84
110
139
171
204
238
271
313
345
375
404
432
459
484
509
533
556
580
597
603
599
589
574
556
537
516
496
471
451
431
412
393
376
359
342
326
311
294
281
268
255
243
232
221
211
201
192
181
173
164
157
150
143
136
130
124
118
111
106
101
96
92
87
83
79
76
72
68
69
80
99
124
153
184
217
250
282
320
347
363
370
370
365
356
346
334
322
307
299
299
309
325
345
368
392
417
441
470
490
500
500
494
483
469
454
437
420
400
382
366
349
334
319
304
290
277
264
250
242
245
256
274
296
321
347
374
401
432
453
464
467
462
453
441
427
411
395
376
364
362
369
382
400
419
441
464
486
513
531
539
538
529
517
502
485
467
448
427
412
408
413
424
439
458
478
498
519
544
565
586
605
623
641
659
676
692
707
724
738
751
763
775
787
797
808
817
827
837
846
854
862
869
876
882
889
895
901
907
912
918
922
927
931
936
940
943
947
inputs
255
0
0
255
0
255
255
0
255
0
255
255
255
255
255
255
0
0
0
255
255
0
255
255
0
255
0
255
255
255
255
255
0
255
0
0
255
255
255
255
0
255
255
0
0
0
255
255
0
255
0
255
255
0
0
0
0
0
0
255
255
0
0
0
0
0
255
0
255
0
0
255
0
255
0
255
255
255
255
255
