0
178
479
605
589
543
518
515
518
518
517
515
514
514
514
513
512
512
512
512
512
511
513
512
511
511
513
512
511
510
510
511
511
511
512
512
512
512
513
512
512
511
511
511
511
512
512
512
512
512
511
434
337
336
386
433
461
473
481
489
496
500
503
504
507
508
509
511
510
510
511
510
510
511
511
512
512
512
513
512
511
510
510
511
512
512
511
511
512
513
512
511
511
511
511
512
511
512
512
512
512
588
687
689
636
589
561
548
541
534
528
524
521
517
516
516
515
513
513
512
512
512
512
511
512
512
512
512
512
512
511
511
511
512
511
510
511
511
512
512
512
512
513
513
511
510
511
511
511
512
512
436
337
335
385
432
461
475
482
488
495
500
503
505
506
508
510
511
510
510
511
510
510
510
511
512
512
512
512
512
513
512
511
511
510
510
512
511
512
512
512
512
513
512
510
510
512
511
511
511
inputs
255.00
245.28
160.49
117.33
115.81
125.79
131.62
131.51
129.72
128.99
128.63
128.80
128.75
128.42
128.11
128.24
128.46
128.38
128.32
128.26
128.19
128.57
127.74
128.04
128.38
128.42
127.62
127.91
128.26
128.73
128.89
128.64
128.72
128.79
128.42
128.38
128.32
128.26
127.76
128.04
127.95
128.32
128.36
128.42
128.48
128.11
128.07
128.01
127.95
127.89
26.26
59.53
109.03
128.50
128.39
124.68
123.34
125.02
126.57
127.04
126.97
127.31
127.52
128.20
127.85
128.04
128.06
127.53
128.07
128.23
127.98
128.50
128.66
128.41
128.49
128.12
128.09
128.03
127.53
127.80
128.15
128.62
128.78
128.53
128.19
128.15
128.52
128.56
128.19
127.72
127.99
128.33
128.37
128.43
128.49
128.12
128.52
128.12
128.09
128.03
229.96
197.10
146.83
126.86
128.04
131.81
133.27
132.14
130.38
129.62
129.29
128.85
128.52
129.01
128.67
128.10
127.98
128.39
128.15
128.40
128.32
128.26
128.19
128.57
128.17
128.13
128.07
128.01
127.95
127.89
128.26
128.30
128.36
127.99
128.38
128.85
128.58
128.66
128.29
128.26
128.19
128.13
127.64
127.48
128.16
128.61
128.33
128.42
128.48
128.11
26.07
58.81
108.96
128.81
128.80
125.21
123.56
124.40
126.18
127.38
127.38
127.41
127.64
127.89
128.30
128.14
127.75
127.55
128.07
128.23
127.98
128.50
128.66
128.84
128.59
128.25
128.21
128.15
128.09
128.03
127.53
127.80
128.15
128.19
128.68
128.84
128.16
128.58
128.19
128.15
128.09
128.03
127.53
127.80
128.58
128.72
128.04
128.46
128.49
128.56
