0
180
470
667
792
878
928
952
906
788
691
677
723
761
756
721
693
695
717
733
729
714
706
709
719
722
719
715
713
715
717
718
717
716
714
715
716
717
717
717
716
715
715
717
715
715
717
717
716
715
717
718
680
636
651
706
747
738
706
691
702
722
731
724
711
706
712
722
723
717
712
712
716
718
718
716
714
716
717
718
717
715
716
716
718
716
714
714
716
717
717
716
716
717
716
716
717
716
716
713
715
717
717
718
717
715
715
716
717
716
716
716
716
717
716
715
716
716
717
717
715
715
717
718
717
714
713
716
718
719
715
715
715
717
718
717
716
716
715
714
716
717
717
715
715
716
717
718
717
716
716
715
714
716
717
717
717
715
715
716
716
717
717
716
715
715
716
717
717
717
716
714
716
717
717
717
716
715
715
716
716
716
716
717
717
716
716
717
716
715
715
717
717
717
715
714
717
718
717
716
inputs
255.00
255.00
255.00
255.00
255.00
255.00
244.66
160.69
117.15
140.30
191.66
216.65
199.79
169.08
155.49
166.59
186.29
194.38
186.29
173.75
169.86
176.05
183.16
184.95
180.35
176.67
176.58
178.55
180.53
180.34
179.20
178.11
178.10
178.56
179.97
180.13
179.73
179.02
178.67
178.39
178.77
179.54
179.95
178.99
179.84
180.35
179.38
178.94
179.31
180.08
179.20
127.11
151.13
193.89
212.14
194.82
166.53
159.53
174.46
190.00
191.73
182.06
172.71
171.99
178.64
184.54
184.13
178.36
175.07
176.79
180.28
181.95
180.59
178.98
178.24
178.96
180.46
179.97
179.18
178.17
178.16
179.27
179.13
179.07
177.80
178.35
179.86
180.66
180.00
179.21
178.85
179.23
179.34
178.72
179.02
179.13
178.51
178.80
178.92
180.90
180.79
179.66
179.21
178.29
178.28
179.39
179.90
179.58
178.87
179.17
179.28
179.31
179.34
178.72
179.02
179.78
179.55
179.49
178.87
178.52
179.54
180.05
179.08
177.99
177.98
179.74
181.28
180.36
178.83
177.43
179.07
179.75
180.08
179.11
178.02
178.01
178.47
178.59
179.27
180.33
179.76
178.97
178.61
179.63
180.14
179.82
179.12
178.11
178.10
178.56
178.68
179.36
180.43
179.85
179.06
178.70
178.43
179.45
179.96
179.64
179.58
178.97
178.61
178.98
179.75
180.17
179.85
179.15
178.79
178.52
178.89
180.31
179.82
179.03
178.67
178.40
178.77
179.54
179.96
179.64
179.58
179.62
179.65
179.03
178.67
179.05
179.16
178.54
178.83
179.60
180.02
179.05
178.61
178.34
179.36
180.52
179.29
178.11
178.10
178.56
