0
0
3
18
41
68
100
134
169
204
239
279
306
324
332
333
330
323
314
304
292
279
268
256
245
234
223
213
204
194
186
175
172
179
194
215
241
268
296
325
354
388
411
423
427
423
416
405
392
378
364
347
337
337
345
360
379
400
422
446
469
496
519
541
563
583
603
622
640
658
674
693
703
703
694
679
660
638
615
591
567
539
520
512
512
519
530
544
560
577
594
615
627
629
623
610
594
575
555
533
511
486
470
464
466
475
488
505
522
541
560
583
602
620
638
655
671
687
702
717
731
746
759
771
782
793
803
814
823
832
841
851
859
866
873
879
886
892
898
904
910
915
920
925
930
934
938
942
946
949
952
956
959
963
965
968
970
972
974
977
979
981
978
966
945
919
889
857
824
790
757
719
687
656
627
598
571
545
520
496
473
447
427
407
388
370
353
337
321
307
293
277
269
271
282
299
320
344
369
394
423
453
478
502
525
548
569
590
609
628
646
666
678
679
672
658
639
619
596
573
550
522
505
497
498
506
517
532
549
566
584
606
623
641
658
674
689
704
719
732
746
761
767
764
753
736
714
690
665
638
612
581
561
550
549
554
564
576
591
606
623
641
653
654
647
634
617
597
575
553
530
504
487
480
482
490
503
518
536
554
573
594
613
630
648
665
681
696
711
725
738
754
766
778
789
800
810
820
829
838
846
855
863
871
877
883
890
896
902
907
912
918
923
927
932
936
941
944
947
950
954
957
956
944
924
899
870
838
806
774
741
704
677
662
655
656
660
668
679
690
702
717
725
723
712
696
676
654
629
605
580
550
526
503
481
459
438
418
399
381
363
344
333
332
340
355
373
394
417
440
464
492
515
537
559
579
600
619
637
655
671
690
706
720
735
747
760
772
783
794
805
816
825
834
843
851
859
867
874
880
888
894
896
887
870
848
821
792
762
731
701
666
641
627
622
624
631
640
652
664
678
694
708
721
734
747
759
771
782
793
804
815
820
814
801
782
758
732
704
676
648
615
588
562
536
512
489
467
445
425
405
383
366
349
333
317
303
289
275
262
250
237
231
235
248
266
288
313
340
367
394
426
451
477
501
525
547
569
590
609
628
649
662
664
657
644
626
606
584
561
539
512
495
487
489
497
509
525
541
559
577
599
612
615
610
598
583
564
544
523
502
477
462
456
459
468
482
498
517
535
555
578
597
615
633
651
668
684
699
714
728
743
751
750
739
722
701
677
652
627
601
571
546
521
498
476
454
433
414
395
377
356
340
324
309
295
281
268
256
244
233
220
209
200
190
182
174
165
157
150
143
135
129
123
117
112
107
101
97
92
87
83
79
75
72
68
65
62
59
56
53
51
53
66
86
112
142
173
207
240
277
315
346
377
406
433
460
485
510
533
556
581
596
601
597
587
572
554
534
514
493
469
449
429
410
392
374
357
341
325
310
293
280
267
254
242
231
220
210
200
191
180
172
164
156
149
142
136
130
123
117
111
106
101
96
92
88
83
79
76
72
69
70
81
101
127
156
187
220
252
285
322
348
364
370
369
364
355
345
333
321
306
298
300
310
327
347
370
393
418
443
471
490
499
499
493
482
468
452
436
419
398
382
365
348
333
318
303
289
276
263
249
242
246
258
276
298
323
349
375
402
433
454
464
466
461
451
439
425
410
393
375
364
362
370
383
401
421
442
465
487
514
531
538
536
528
515
500
483
465
446
425
411
408
413
425
440
458
478
499
520
545
566
586
605
623
641
659
675
691
706
723
737
750
762
774
785
797
807
816
826
836
845
853
861
868
875
882
888
894
901
907
912
917
922
927
931
936
939
943
inputs
255
0
0
255
0
255
255
0
255
0
255
255
255
255
255
255
0
0
0
255
255
0
255
255
0
255
0
255
255
255
255
255
0
255
0
0
255
255
255
255
0
255
255
0
0
0
255
255
0
255
0
255
255
0
0
0
0
0
0
255
255
0
0
0
0
0
255
0
255
0
0
255
0
255
0
255
255
255
255
255
