0
177
467
665
791
872
893
850
779
727
716
728
735
732
722
714
714
717
719
719
717
715
716
716
716
717
717
715
715
715
716
717
717
716
716
716
717
717
716
714
715
717
718
717
715
715
716
717
716
715
717
716
678
633
641
680
713
723
715
706
707
714
718
718
716
714
715
716
716
717
716
715
714
717
718
718
716
714
714
717
717
715
715
715
717
718
717
715
715
716
716
717
717
716
715
715
717
717
715
715
717
718
717
716
715
715
716
716
717
717
715
715
715
717
717
716
716
717
716
716
717
716
716
716
716
717
716
715
716
716
716
717
717
716
715
715
716
716
716
717
716
716
717
716
716
717
717
715
715
716
716
716
716
717
716
716
716
717
717
715
716
717
716
714
715
717
717
716
715
716
717
716
716
717
716
715
716
716
716
716
717
717
715
715
717
717
716
716
717
715
715
716
716
717
717
717
716
715
716
716
inputs
255.00
255.00
255.00
255.00
255.00
212.75
167.10
153.91
166.72
184.54
190.03
183.90
177.30
174.87
177.17
180.65
181.34
180.14
178.77
178.12
178.61
179.58
179.33
179.32
179.34
178.81
178.60
179.50
179.79
180.01
179.69
179.14
178.92
179.28
179.34
179.36
178.83
178.62
178.98
180.12
180.07
179.17
178.38
178.50
179.44
179.73
179.41
178.85
179.18
179.78
178.95
128.24
148.90
182.28
196.26
190.05
178.17
172.28
174.89
180.26
182.06
180.08
178.10
177.58
178.28
179.45
179.40
179.05
179.04
178.52
178.84
179.44
180.24
179.07
178.24
177.83
178.53
179.70
180.19
178.99
178.71
179.61
179.90
180.12
179.26
178.47
178.59
179.53
179.82
179.50
179.48
178.96
178.75
179.11
179.70
179.96
179.10
178.85
179.75
180.04
179.18
178.39
178.51
178.90
179.50
179.76
179.44
179.42
178.90
178.69
179.59
179.88
180.10
179.24
178.99
179.35
179.40
178.88
179.21
179.26
178.74
179.07
179.12
179.14
179.16
178.64
178.96
179.56
179.27
179.26
179.28
178.76
178.54
178.90
179.50
179.76
179.44
179.42
179.44
178.92
179.25
179.30
178.78
179.11
179.16
178.64
178.42
179.32
179.61
179.29
179.28
179.30
179.32
178.80
179.13
179.18
179.20
178.68
178.46
179.36
179.11
178.56
178.88
180.02
179.97
179.08
178.83
179.19
179.78
179.50
178.94
179.27
179.32
178.80
179.13
179.72
179.44
179.42
179.44
179.46
178.94
178.73
179.63
179.92
179.06
178.81
179.17
179.22
178.70
179.57
179.86
179.54
179.52
179.00
178.79
178.60
178.96
179.56
179.27
179.26
