1
10
25
45
67
91
116
141
166
191
215
238
260
282
303
322
341
360
377
393
409
425
439
452
465
478
490
501
512
523
532
542
551
559
567
575
583
589
596
602
610
614
612
605
594
581
567
551
536
520
505
490
475
461
447
435
422
410
398
387
377
367
358
348
339
331
323
316
308
302
295
289
283
277
272
267
261
256
252
248
243
240
241
245
251
260
269
280
290
301
311
321
331
341
350
359
367
375
383
390
398
404
411
417
423
428
433
439
444
448
453
457
461
465
468
472
475
478
481
484
488
489
487
482
475
467
458
448
438
428
418
409
399
390
382
374
366
358
351
344
337
331
325
319
314
308
303
298
294
290
286
281
277
274
270
267
264
261
258
255
252
251
251
254
259
266
273
280
288
296
304
311
318
325
332
338
345
351
357
362
367
372
377
382
386
390
394
398
402
405
409
412
415
418
420
423
425
428
430
432
434
436
438
440
442
444
446
448
450
452
453
455
456
458
459
461
462
463
464
465
466
467
468
469
469
470
471
472
473
473
474
475
475
476
477
477
477
478
478
479
479
480
480
480
481
481
481
481
482
482
482
483
483
483
483
483
484
484
484
484
485
485
485
485
485
485
486
486
486
486
486
486
486
487
487
487
486
487
487
487
487
486
485
484
483
480
478
476
473
471
468
466
464
462
460
458
456
454
452
451
449
447
446
445
443
442
441
440
439
438
436
435
434
434
433
432
431
431
430
429
429
430
435
444
456
469
483
498
513
528
542
557
571
584
596
608
620
631
643
653
662
671
680
689
697
704
712
719
726
732
739
744
750
755
761
765
770
774
778
782
787
788
783
772
756
737
716
695
672
649
627
606
585
565
546
527
509
492
475
460
445
431
417
404
392
380
369
358
348
338
329
320
312
304
296
288
281
274
268
262
255
251
251
254
260
267
276
285
294
304
313
323
332
340
349
357
365
372
379
386
393
399
405
411
416
421
426
431
435
439
443
447
451
455
458
461
464
467
470
473
476
479
487
497
511
525
541
558
574
590
606
621
636
650
664
677
690
702
713
724
735
745
755
764
773
781
788
796
803
810
817
823
830
835
840
846
850
855
860
864
869
871
871
867
862
855
846
837
828
820
811
802
793
785
777
769
762
755
749
743
736
730
725
719
714
709
705
700
696
691
688
684
681
677
674
671
668
665
663
660
658
655
649
642
634
625
616
606
597
588
578
570
561
553
545
538
530
523
517
511
505
499
493
488
483
478
474
469
465
461
458
455
450
447
444
441
439
436
434
432
428
425
423
419
415
410
405
401
396
392
387
383
379
375
371
368
365
361
358
355
352
350
347
344
342
340
338
335
333
331
329
328
326
324
323
321
320
319
317
317
315
313
309
303
296
288
279
271
263
254
246
238
230
222
215
208
202
195
189
183
177
173
167
163
158
153
149
145
142
138
135
131
128
125
122
120
117
114
112
110
107
106
105
108
111
115
120
124
129
134
140
144
149
153
158
162
167
170
174
178
181
184
187
190
193
196
198
201
203
205
207
209
211
213
215
217
218
220
221
222
225
226
231
236
243
251
260
268
276
285
293
301
308
315
322
329
336
342
348
354
359
364
370
374
379
383
387
391
394
398
402
405
408
411
413
416
419
422
424
426
428
429
426
419
408
396
382
368
354
339
325
311
298
285
272
260
248
237
227
217
207
197
189
180
172
165
157
151
144
138
131
126
120
115
110
105
101
96
92
88
84
80
77
73
70
67
64
61
58
55
53
50
48
45
44
42
40
37
36
34
32
31
30
28
27
25
24
23
22
21
20
18
18
17
16
15
15
14
13
12
inputs
184
40
136
50
119
122
122
104
216
34
132
238
152
95
73
16
63
118
2
0
