0
178
474
605
590
543
520
516
519
520
517
515
515
514
513
512
513
511
510
512
513
512
511
511
512
512
438
338
334
384
433
461
473
482
489
496
500
502
505
506
508
509
509
511
510
511
511
511
512
511
511
589
687
688
637
588
561
550
541
534
527
523
521
519
517
515
514
513
513
512
512
512
513
511
511
512
437
338
335
385
433
460
472
481
489
495
501
503
505
507
508
508
510
510
511
511
512
511
511
512
511
589
686
689
638
588
561
549
541
534
528
523
521
519
516
515
514
514
512
511
512
511
512
513
511
511
436
337
335
386
433
460
473
481
489
495
500
503
505
507
509
510
509
509
511
511
511
511
512
511
512
591
686
688
638
589
561
548
541
533
528
523
520
518
516
515
514
513
513
513
512
512
513
511
511
511
435
337
335
387
435
461
474
481
488
495
500
503
505
506
508
510
511
510
510
510
511
510
511
511
inputs
255.00
245.28
162.65
117.82
115.99
126.30
131.24
131.38
129.43
128.16
128.43
128.55
128.07
128.08
128.18
128.40
127.89
128.59
129.03
128.33
127.89
128.16
128.50
128.54
128.17
26.13
58.01
108.39
128.96
129.02
124.69
123.40
125.08
126.20
127.00
126.91
127.25
127.89
127.81
128.24
128.08
128.12
128.45
127.90
128.44
128.16
128.25
128.31
127.94
128.33
230.37
196.77
146.86
127.29
127.71
132.26
133.37
131.40
130.31
129.50
129.60
129.26
128.62
128.27
128.16
128.31
128.26
128.36
128.15
128.40
128.32
128.26
127.76
128.47
128.48
26.11
58.44
108.49
128.65
128.62
124.59
123.71
125.49
126.73
127.23
127.58
127.16
127.73
127.95
127.93
128.10
128.55
128.12
128.35
128.10
128.19
127.82
128.21
128.25
127.88
230.27
196.65
147.17
126.83
127.18
132.04
133.12
131.59
130.16
129.38
129.04
129.04
128.37
128.02
128.35
128.16
128.14
127.81
128.37
128.69
128.29
128.69
128.29
127.82
128.53
26.54
58.97
109.14
129.00
128.55
124.86
123.95
125.30
126.87
127.35
127.71
127.71
127.95
128.20
128.18
127.91
127.84
128.48
128.76
128.20
128.31
128.37
128.43
128.06
128.46
230.06
195.93
147.09
127.14
127.16
131.61
133.02
131.90
130.14
129.81
129.14
129.16
128.93
128.68
128.69
128.53
128.51
128.61
128.40
128.22
128.46
128.38
127.89
128.59
128.60
26.66
59.53
109.36
129.24
128.36
124.15
123.45
124.65
126.53
127.41
127.44
127.47
127.70
127.95
128.36
128.20
127.81
127.61
128.13
128.29
128.47
128.23
128.74
128.47
128.56
